file: extlat12.db
object_type: dict
entries: 262776
file_bytes: 3947349
sample_limit: 3
max_value: 4446029

sample: 1
value: 19
encoding_hex: fffa5f33cbedf3cf7ffc
order_matrix:
1 1 1 1 1 1 1 1 1 1 1 1
0 1 0 1 0 0 1 0 1 1 1 1
0 0 1 0 0 1 1 0 0 1 1 1
0 0 0 1 0 0 1 0 1 1 1 1
0 0 0 0 1 0 1 1 0 1 1 1
0 0 0 0 0 1 1 0 0 1 1 1
0 0 0 0 0 0 1 0 0 1 1 1
0 0 0 0 0 0 0 1 0 1 1 1
0 0 0 0 0 0 0 0 1 1 1 1
0 0 0 0 0 0 0 0 0 1 1 1
0 0 0 0 0 0 0 0 0 0 1 1
0 0 0 0 0 0 0 0 0 0 0 1
hasse_edges:
0 -> 1
0 -> 2
0 -> 4
1 -> 3
2 -> 5
3 -> 6
3 -> 8
4 -> 6
4 -> 7
5 -> 6
6 -> 9
7 -> 9
8 -> 9
9 -> 10
10 -> 11

sample: 2
value: 0
encoding_hex: fffbff2aefefeadb59bc
order_matrix:
1 1 1 1 1 1 1 1 1 1 1 1
0 1 0 1 1 1 1 1 1 1 1 1
0 0 1 0 0 1 0 1 0 1 0 1
0 0 0 1 1 0 1 1 1 1 1 1
0 0 0 0 1 0 1 1 1 1 1 1
0 0 0 0 0 1 0 1 0 1 0 1
0 0 0 0 0 0 1 0 1 1 0 1
0 0 0 0 0 0 0 1 0 1 0 1
0 0 0 0 0 0 0 0 1 0 0 1
0 0 0 0 0 0 0 0 0 1 0 1
0 0 0 0 0 0 0 0 0 0 1 1
0 0 0 0 0 0 0 0 0 0 0 1
hasse_edges:
0 -> 1
0 -> 2
1 -> 3
1 -> 5
2 -> 5
3 -> 4
4 -> 6
4 -> 7
4 -> 10
5 -> 7
6 -> 8
6 -> 9
7 -> 9
8 -> 11
9 -> 11
10 -> 11

sample: 3
value: 0
encoding_hex: fffaff34c2e0f4d399fc
order_matrix:
1 1 1 1 1 1 1 1 1 1 1 1
0 1 0 1 0 1 1 1 1 1 1 1
0 0 1 0 0 1 1 0 1 0 0 1
0 0 0 1 0 0 0 0 1 0 1 1
0 0 0 0 1 0 0 0 0 0 1 1
0 0 0 0 0 1 1 0 1 0 0 1
0 0 0 0 0 0 1 0 1 0 0 1
0 0 0 0 0 0 0 1 1 0 0 1
0 0 0 0 0 0 0 0 1 0 0 1
0 0 0 0 0 0 0 0 0 1 1 1
0 0 0 0 0 0 0 0 0 0 1 1
0 0 0 0 0 0 0 0 0 0 0 1
hasse_edges:
0 -> 1
0 -> 2
0 -> 4
1 -> 3
1 -> 5
1 -> 7
1 -> 9
2 -> 5
3 -> 8
3 -> 10
4 -> 10
5 -> 6
6 -> 8
7 -> 8
8 -> 11
9 -> 10
10 -> 11
