file: extlat11.db
object_type: dict
entries: 37622
file_bytes: 527539
sample_limit: 3
max_value: 590489

sample: 1
value: 1
encoding_hex: ffff9f8e8f1c73bfc0
order_matrix:
1 1 1 1 1 1 1 1 1 1 1
0 1 1 1 1 1 1 0 0 1 1
0 0 1 1 1 1 0 0 0 1 1
0 0 0 1 0 1 0 0 0 1 1
0 0 0 0 1 1 0 0 0 1 1
0 0 0 0 0 1 0 0 0 1 1
0 0 0 0 0 0 1 0 0 1 1
0 0 0 0 0 0 0 1 0 1 1
0 0 0 0 0 0 0 0 1 1 1
0 0 0 0 0 0 0 0 0 1 1
0 0 0 0 0 0 0 0 0 0 1
hasse_edges:
0 -> 1
0 -> 7
0 -> 8
1 -> 2
1 -> 6
2 -> 3
2 -> 4
3 -> 5
4 -> 5
5 -> 9
6 -> 9
7 -> 9
8 -> 9
9 -> 10

sample: 2
value: 0
encoding_hex: fff4fcc67e1e319bc0
order_matrix:
1 1 1 1 1 1 1 1 1 1 1
0 1 0 1 0 0 1 1 1 1 1
0 0 1 0 0 1 1 0 0 0 1
0 0 0 1 0 0 1 1 1 1 1
0 0 0 0 1 0 0 0 0 1 1
0 0 0 0 0 1 1 0 0 0 1
0 0 0 0 0 0 1 0 0 0 1
0 0 0 0 0 0 0 1 0 0 1
0 0 0 0 0 0 0 0 1 0 1
0 0 0 0 0 0 0 0 0 1 1
0 0 0 0 0 0 0 0 0 0 1
hasse_edges:
0 -> 1
0 -> 2
0 -> 4
1 -> 3
2 -> 5
3 -> 6
3 -> 7
3 -> 8
3 -> 9
4 -> 9
5 -> 6
6 -> 10
7 -> 10
8 -> 10
9 -> 10

sample: 3
value: 0
encoding_hex: fffe7f3e263f399bc0
order_matrix:
1 1 1 1 1 1 1 1 1 1 1
0 1 1 1 1 0 0 1 1 1 1
0 0 1 1 1 0 0 1 1 1 1
0 0 0 1 0 0 0 1 0 0 1
0 0 0 0 1 0 0 0 1 1 1
0 0 0 0 0 1 1 1 0 0 1
0 0 0 0 0 0 1 1 0 0 1
0 0 0 0 0 0 0 1 0 0 1
0 0 0 0 0 0 0 0 1 0 1
0 0 0 0 0 0 0 0 0 1 1
0 0 0 0 0 0 0 0 0 0 1
hasse_edges:
0 -> 1
0 -> 5
1 -> 2
2 -> 3
2 -> 4
3 -> 7
4 -> 8
4 -> 9
5 -> 6
6 -> 7
7 -> 10
8 -> 10
9 -> 10
