file: extlat10.db
object_type: dict
entries: 5994
file_bytes: 72079
sample_limit: 3
max_value: 86417

sample: 1
value: 0
encoding_hex: ffe970b2e18cde
order_matrix:
1 1 1 1 1 1 1 1 1 1
0 1 0 1 0 0 1 0 1 1
0 0 1 0 0 0 0 1 0 1
0 0 0 1 0 0 1 0 1 1
0 0 0 0 1 0 0 0 0 1
0 0 0 0 0 1 0 0 0 1
0 0 0 0 0 0 1 0 0 1
0 0 0 0 0 0 0 1 0 1
0 0 0 0 0 0 0 0 1 1
0 0 0 0 0 0 0 0 0 1
hasse_edges:
0 -> 1
0 -> 2
0 -> 4
0 -> 5
1 -> 3
2 -> 7
3 -> 6
3 -> 8
4 -> 9
5 -> 9
6 -> 9
7 -> 9
8 -> 9

sample: 2
value: 0
encoding_hex: fffff5f1e39cfe
order_matrix:
1 1 1 1 1 1 1 1 1 1
0 1 1 1 1 1 1 1 1 1
0 0 1 0 1 0 1 1 1 1
0 0 0 1 0 0 0 1 1 1
0 0 0 0 1 0 0 0 1 1
0 0 0 0 0 1 0 0 1 1
0 0 0 0 0 0 1 0 0 1
0 0 0 0 0 0 0 1 1 1
0 0 0 0 0 0 0 0 1 1
0 0 0 0 0 0 0 0 0 1
hasse_edges:
0 -> 1
1 -> 2
1 -> 3
1 -> 5
2 -> 4
2 -> 6
2 -> 7
3 -> 7
4 -> 8
5 -> 8
6 -> 9
7 -> 8
8 -> 9

sample: 3
value: 0
encoding_hex: fffdf0f1638cde
order_matrix:
1 1 1 1 1 1 1 1 1 1
0 1 1 1 1 0 1 1 1 1
0 0 1 0 0 0 0 1 1 1
0 0 0 1 0 0 0 1 0 1
0 0 0 0 1 0 0 0 1 1
0 0 0 0 0 1 0 0 0 1
0 0 0 0 0 0 1 0 0 1
0 0 0 0 0 0 0 1 0 1
0 0 0 0 0 0 0 0 1 1
0 0 0 0 0 0 0 0 0 1
hasse_edges:
0 -> 1
0 -> 5
1 -> 2
1 -> 3
1 -> 4
1 -> 6
2 -> 7
2 -> 8
3 -> 7
4 -> 8
5 -> 9
6 -> 9
7 -> 9
8 -> 9
