file: extlat9.db
object_type: dict
entries: 1078
file_bytes: 11892
sample_limit: 10
max_value: 13775

sample: 1
value: 43
encoding_hex: fff7cf9ffff8
order_matrix:
1 1 1 1 1 1 1 1 1
0 1 1 1 0 1 1 1 1
0 0 1 0 0 1 1 1 1
0 0 0 1 0 0 1 1 1
0 0 0 0 1 1 1 1 1
0 0 0 0 0 1 1 1 1
0 0 0 0 0 0 1 1 1
0 0 0 0 0 0 0 1 1
0 0 0 0 0 0 0 0 1
hasse_edges:
0 -> 1
0 -> 4
1 -> 2
1 -> 3
2 -> 5
3 -> 6
4 -> 5
5 -> 6
6 -> 7
7 -> 8

sample: 2
value: 0
encoding_hex: ffffdb9f7778
order_matrix:
1 1 1 1 1 1 1 1 1
0 1 1 1 1 1 1 1 1
0 0 1 0 1 1 0 1 1
0 0 0 1 0 0 1 1 1
0 0 0 0 1 1 0 1 1
0 0 0 0 0 1 0 1 1
0 0 0 0 0 0 1 0 1
0 0 0 0 0 0 0 1 1
0 0 0 0 0 0 0 0 1
hasse_edges:
0 -> 1
1 -> 2
1 -> 3
2 -> 4
3 -> 6
3 -> 7
4 -> 5
5 -> 7
6 -> 8
7 -> 8

sample: 3
value: 0
encoding_hex: fff6cd97bb78
order_matrix:
1 1 1 1 1 1 1 1 1
0 1 1 1 0 1 1 0 1
0 0 1 0 0 1 1 0 1
0 0 0 1 0 0 1 0 1
0 0 0 0 1 1 1 0 1
0 0 0 0 0 1 1 0 1
0 0 0 0 0 0 1 0 1
0 0 0 0 0 0 0 1 1
0 0 0 0 0 0 0 0 1
hasse_edges:
0 -> 1
0 -> 4
0 -> 7
1 -> 2
1 -> 3
2 -> 5
3 -> 6
4 -> 5
5 -> 6
6 -> 8
7 -> 8

sample: 4
value: 0
encoding_hex: fff9c3863b78
order_matrix:
1 1 1 1 1 1 1 1 1
0 1 1 1 1 0 0 1 1
0 0 1 0 0 0 0 1 1
0 0 0 1 0 0 0 0 1
0 0 0 0 1 0 0 0 1
0 0 0 0 0 1 1 0 1
0 0 0 0 0 0 1 0 1
0 0 0 0 0 0 0 1 1
0 0 0 0 0 0 0 0 1
hasse_edges:
0 -> 1
0 -> 5
1 -> 2
1 -> 3
1 -> 4
2 -> 7
3 -> 8
4 -> 8
5 -> 6
6 -> 8
7 -> 8

sample: 5
value: 0
encoding_hex: fffffbee7378
order_matrix:
1 1 1 1 1 1 1 1 1
0 1 1 1 1 1 1 1 1
0 0 1 1 1 1 0 1 1
0 0 0 1 1 1 0 1 1
0 0 0 0 1 0 0 1 1
0 0 0 0 0 1 0 0 1
0 0 0 0 0 0 1 0 1
0 0 0 0 0 0 0 1 1
0 0 0 0 0 0 0 0 1
hasse_edges:
0 -> 1
1 -> 2
1 -> 6
2 -> 3
3 -> 4
3 -> 5
4 -> 7
5 -> 8
6 -> 8
7 -> 8

sample: 6
value: 0
encoding_hex: ffcfdfa7f3f8
order_matrix:
1 1 1 1 1 1 1 1 1
0 1 0 0 1 1 1 1 1
0 0 1 0 1 1 1 1 1
0 0 0 1 0 1 0 0 1
0 0 0 0 1 1 1 1 1
0 0 0 0 0 1 0 0 1
0 0 0 0 0 0 1 1 1
0 0 0 0 0 0 0 1 1
0 0 0 0 0 0 0 0 1
hasse_edges:
0 -> 1
0 -> 2
0 -> 3
1 -> 4
2 -> 4
3 -> 5
4 -> 5
4 -> 6
5 -> 8
6 -> 7
7 -> 8

sample: 7
value: 0
encoding_hex: ffc6cb967378
order_matrix:
1 1 1 1 1 1 1 1 1
0 1 0 0 0 1 1 0 1
0 0 1 0 0 1 0 1 1
0 0 0 1 0 0 1 0 1
0 0 0 0 1 0 0 1 1
0 0 0 0 0 1 0 0 1
0 0 0 0 0 0 1 0 1
0 0 0 0 0 0 0 1 1
0 0 0 0 0 0 0 0 1
hasse_edges:
0 -> 1
0 -> 2
0 -> 3
0 -> 4
1 -> 5
1 -> 6
2 -> 5
2 -> 7
3 -> 6
4 -> 7
5 -> 8
6 -> 8
7 -> 8

sample: 8
value: 0
encoding_hex: fffad1863f78
order_matrix:
1 1 1 1 1 1 1 1 1
0 1 1 1 1 0 1 0 1
0 0 1 0 1 0 0 0 1
0 0 0 1 0 0 0 0 1
0 0 0 0 1 0 0 0 1
0 0 0 0 0 1 1 1 1
0 0 0 0 0 0 1 0 1
0 0 0 0 0 0 0 1 1
0 0 0 0 0 0 0 0 1
hasse_edges:
0 -> 1
0 -> 5
1 -> 2
1 -> 3
1 -> 6
2 -> 4
3 -> 8
4 -> 8
5 -> 6
5 -> 7
6 -> 8
7 -> 8

sample: 9
value: 0
encoding_hex: ffccd7ae3378
order_matrix:
1 1 1 1 1 1 1 1 1
0 1 0 0 1 1 0 0 1
0 0 1 0 1 0 1 1 1
0 0 0 1 0 1 0 1 1
0 0 0 0 1 0 0 0 1
0 0 0 0 0 1 0 0 1
0 0 0 0 0 0 1 0 1
0 0 0 0 0 0 0 1 1
0 0 0 0 0 0 0 0 1
hasse_edges:
0 -> 1
0 -> 2
0 -> 3
1 -> 4
1 -> 5
2 -> 4
2 -> 6
2 -> 7
3 -> 5
3 -> 7
4 -> 8
5 -> 8
6 -> 8
7 -> 8

sample: 10
value: 0
encoding_hex: fff5cba7b378
order_matrix:
1 1 1 1 1 1 1 1 1
0 1 1 1 0 1 0 1 1
0 0 1 0 0 1 0 1 1
0 0 0 1 0 1 0 0 1
0 0 0 0 1 1 1 0 1
0 0 0 0 0 1 0 0 1
0 0 0 0 0 0 1 0 1
0 0 0 0 0 0 0 1 1
0 0 0 0 0 0 0 0 1
hasse_edges:
0 -> 1
0 -> 4
1 -> 2
1 -> 3
2 -> 5
2 -> 7
3 -> 5
4 -> 5
4 -> 6
5 -> 8
6 -> 8
7 -> 8
