file: lat12.db
object_type: set
entries: 262776
file_bytes: 3417096
sample_limit: 3

sample: 1
encoding_hex: ffff07c1c0e0ffffbbbc
order_matrix:
1 1 1 1 1 1 1 1 1 1 1 1
0 1 1 1 1 0 0 0 0 0 1 1
0 0 1 1 1 0 0 0 0 0 1 1
0 0 0 1 0 0 0 0 0 0 1 1
0 0 0 0 1 0 0 0 0 0 1 1
0 0 0 0 0 1 1 1 1 1 1 1
0 0 0 0 0 0 1 1 1 1 1 1
0 0 0 0 0 0 0 1 1 0 1 1
0 0 0 0 0 0 0 0 1 0 1 1
0 0 0 0 0 0 0 0 0 1 0 1
0 0 0 0 0 0 0 0 0 0 1 1
0 0 0 0 0 0 0 0 0 0 0 1
hasse_edges:
0 -> 1
0 -> 5
1 -> 2
2 -> 3
2 -> 4
3 -> 10
4 -> 10
5 -> 6
6 -> 7
6 -> 9
7 -> 8
8 -> 10
9 -> 11
10 -> 11

sample: 2
encoding_hex: fff8ff23c9e9e3cffffc
order_matrix:
1 1 1 1 1 1 1 1 1 1 1 1
0 1 0 0 0 1 1 1 1 1 1 1
0 0 1 0 0 1 0 0 0 1 1 1
0 0 0 1 0 0 1 0 0 1 1 1
0 0 0 0 1 0 1 0 0 1 1 1
0 0 0 0 0 1 0 0 0 1 1 1
0 0 0 0 0 0 1 0 0 1 1 1
0 0 0 0 0 0 0 1 1 1 1 1
0 0 0 0 0 0 0 0 1 1 1 1
0 0 0 0 0 0 0 0 0 1 1 1
0 0 0 0 0 0 0 0 0 0 1 1
0 0 0 0 0 0 0 0 0 0 0 1
hasse_edges:
0 -> 1
0 -> 2
0 -> 3
0 -> 4
1 -> 5
1 -> 6
1 -> 7
2 -> 5
3 -> 6
4 -> 6
5 -> 9
6 -> 9
7 -> 8
8 -> 9
9 -> 10
10 -> 11

sample: 3
encoding_hex: ffff9fe7f3f3e3f73bfc
order_matrix:
1 1 1 1 1 1 1 1 1 1 1 1
0 1 1 1 1 1 0 0 1 1 1 1
0 0 1 1 1 1 0 0 1 1 1 1
0 0 0 1 1 1 0 0 1 1 1 1
0 0 0 0 1 1 0 0 1 1 1 1
0 0 0 0 0 1 0 0 0 1 1 1
0 0 0 0 0 0 1 1 1 0 1 1
0 0 0 0 0 0 0 1 0 0 1 1
0 0 0 0 0 0 0 0 1 0 1 1
0 0 0 0 0 0 0 0 0 1 1 1
0 0 0 0 0 0 0 0 0 0 1 1
0 0 0 0 0 0 0 0 0 0 0 1
hasse_edges:
0 -> 1
0 -> 6
1 -> 2
2 -> 3
3 -> 4
4 -> 5
4 -> 8
5 -> 9
6 -> 7
6 -> 8
7 -> 10
8 -> 10
9 -> 10
10 -> 11
