file: lat11.db
object_type: set
entries: 37622
file_bytes: 451608
sample_limit: 3

sample: 1
encoding_hex: fff7fdfffffd759bc0
order_matrix:
1 1 1 1 1 1 1 1 1 1 1
0 1 0 1 1 1 1 1 1 1 1
0 0 1 0 1 1 1 1 1 1 1
0 0 0 1 1 1 1 1 1 1 1
0 0 0 0 1 1 1 1 1 1 1
0 0 0 0 0 1 0 1 0 1 1
0 0 0 0 0 0 1 0 1 0 1
0 0 0 0 0 0 0 1 0 0 1
0 0 0 0 0 0 0 0 1 0 1
0 0 0 0 0 0 0 0 0 1 1
0 0 0 0 0 0 0 0 0 0 1
hasse_edges:
0 -> 1
0 -> 2
1 -> 3
2 -> 4
3 -> 4
4 -> 5
4 -> 6
5 -> 7
5 -> 9
6 -> 8
7 -> 10
8 -> 10
9 -> 10

sample: 2
encoding_hex: fffe9d4e4e9df3fbc0
order_matrix:
1 1 1 1 1 1 1 1 1 1 1
0 1 1 1 1 0 1 0 0 1 1
0 0 1 0 1 0 1 0 0 1 1
0 0 0 1 0 0 1 0 0 1 1
0 0 0 0 1 0 1 0 0 1 1
0 0 0 0 0 1 0 1 1 1 1
0 0 0 0 0 0 1 0 0 1 1
0 0 0 0 0 0 0 1 1 1 1
0 0 0 0 0 0 0 0 1 0 1
0 0 0 0 0 0 0 0 0 1 1
0 0 0 0 0 0 0 0 0 0 1
hasse_edges:
0 -> 1
0 -> 5
1 -> 2
1 -> 3
2 -> 4
3 -> 6
4 -> 6
5 -> 7
6 -> 9
7 -> 8
7 -> 9
8 -> 10
9 -> 10

sample: 3
encoding_hex: ffffdfae2e4c719bc0
order_matrix:
1 1 1 1 1 1 1 1 1 1 1
0 1 1 1 1 1 1 1 0 1 1
0 0 1 1 1 1 0 1 0 1 1
0 0 0 1 0 0 0 1 0 1 1
0 0 0 0 1 0 0 1 0 0 1
0 0 0 0 0 1 0 0 0 1 1
0 0 0 0 0 0 1 0 0 0 1
0 0 0 0 0 0 0 1 0 0 1
0 0 0 0 0 0 0 0 1 0 1
0 0 0 0 0 0 0 0 0 1 1
0 0 0 0 0 0 0 0 0 0 1
hasse_edges:
0 -> 1
0 -> 8
1 -> 2
1 -> 6
2 -> 3
2 -> 4
2 -> 5
3 -> 7
3 -> 9
4 -> 7
5 -> 9
6 -> 10
7 -> 10
8 -> 10
9 -> 10
