file: lat10.db
object_type: set
entries: 5994
file_bytes: 59966
sample_limit: 3

sample: 1
encoding_hex: fffff6f7e5bdde
order_matrix:
1 1 1 1 1 1 1 1 1 1
0 1 1 1 1 1 1 1 1 1
0 0 1 0 1 1 0 1 1 1
0 0 0 1 0 1 1 1 1 1
0 0 0 0 1 0 0 1 0 1
0 0 0 0 0 1 0 1 1 1
0 0 0 0 0 0 1 0 1 1
0 0 0 0 0 0 0 1 0 1
0 0 0 0 0 0 0 0 1 1
0 0 0 0 0 0 0 0 0 1
hasse_edges:
0 -> 1
1 -> 2
1 -> 3
2 -> 4
2 -> 5
3 -> 5
3 -> 6
4 -> 7
5 -> 7
5 -> 8
6 -> 8
7 -> 9
8 -> 9

sample: 2
encoding_hex: ffebf270e39dde
order_matrix:
1 1 1 1 1 1 1 1 1 1
0 1 0 1 0 1 1 1 1 1
0 0 1 0 0 1 0 0 1 1
0 0 0 1 0 0 0 0 1 1
0 0 0 0 1 0 0 0 1 1
0 0 0 0 0 1 0 0 1 1
0 0 0 0 0 0 1 0 1 1
0 0 0 0 0 0 0 1 0 1
0 0 0 0 0 0 0 0 1 1
0 0 0 0 0 0 0 0 0 1
hasse_edges:
0 -> 1
0 -> 2
0 -> 4
1 -> 3
1 -> 5
1 -> 6
1 -> 7
2 -> 5
3 -> 8
4 -> 8
5 -> 8
6 -> 8
7 -> 9
8 -> 9

sample: 3
encoding_hex: ffe972f2ebbdfe
order_matrix:
1 1 1 1 1 1 1 1 1 1
0 1 0 1 0 0 1 0 1 1
0 0 1 0 0 1 0 1 1 1
0 0 0 1 0 0 1 0 1 1
0 0 0 0 1 0 1 0 1 1
0 0 0 0 0 1 0 1 1 1
0 0 0 0 0 0 1 0 1 1
0 0 0 0 0 0 0 1 1 1
0 0 0 0 0 0 0 0 1 1
0 0 0 0 0 0 0 0 0 1
hasse_edges:
0 -> 1
0 -> 2
0 -> 4
1 -> 3
2 -> 5
3 -> 6
4 -> 6
5 -> 7
6 -> 8
7 -> 8
8 -> 9
