file: lat8.db
object_type: set
entries: 222
file_bytes: 1792
sample_limit: 25

sample: 1
encoding_hex: ffff5ceef0
order_matrix:
1 1 1 1 1 1 1 1
0 1 1 1 1 1 1 1
0 0 1 0 1 0 1 1
0 0 0 1 0 0 1 1
0 0 0 0 1 0 1 1
0 0 0 0 0 1 0 1
0 0 0 0 0 0 1 1
0 0 0 0 0 0 0 1
hasse_edges:
0 -> 1
1 -> 2
1 -> 3
1 -> 5
2 -> 4
3 -> 6
4 -> 6
5 -> 7
6 -> 7

sample: 2
encoding_hex: ffaf6c66f0
order_matrix:
1 1 1 1 1 1 1 1
0 1 0 1 0 1 1 1
0 0 1 0 1 1 0 1
0 0 0 1 0 0 0 1
0 0 0 0 1 0 0 1
0 0 0 0 0 1 0 1
0 0 0 0 0 0 1 1
0 0 0 0 0 0 0 1
hasse_edges:
0 -> 1
0 -> 2
1 -> 3
1 -> 5
1 -> 6
2 -> 4
2 -> 5
3 -> 7
4 -> 7
5 -> 7
6 -> 7

sample: 3
encoding_hex: fff71c67f0
order_matrix:
1 1 1 1 1 1 1 1
0 1 1 1 1 0 1 1
0 0 1 0 0 0 1 1
0 0 0 1 0 0 0 1
0 0 0 0 1 0 0 1
0 0 0 0 0 1 1 1
0 0 0 0 0 0 1 1
0 0 0 0 0 0 0 1
hasse_edges:
0 -> 1
0 -> 5
1 -> 2
1 -> 3
1 -> 4
2 -> 6
3 -> 7
4 -> 7
5 -> 6
6 -> 7

sample: 4
encoding_hex: fff7dceff0
order_matrix:
1 1 1 1 1 1 1 1
0 1 1 1 1 0 1 1
0 0 1 1 1 0 1 1
0 0 0 1 0 0 1 1
0 0 0 0 1 0 1 1
0 0 0 0 0 1 1 1
0 0 0 0 0 0 1 1
0 0 0 0 0 0 0 1
hasse_edges:
0 -> 1
0 -> 5
1 -> 2
2 -> 3
2 -> 4
3 -> 6
4 -> 6
5 -> 6
6 -> 7

sample: 5
encoding_hex: ffbf5feef0
order_matrix:
1 1 1 1 1 1 1 1
0 1 0 1 1 1 1 1
0 0 1 0 1 0 1 1
0 0 0 1 1 1 1 1
0 0 0 0 1 0 1 1
0 0 0 0 0 1 0 1
0 0 0 0 0 0 1 1
0 0 0 0 0 0 0 1
hasse_edges:
0 -> 1
0 -> 2
1 -> 3
2 -> 4
3 -> 4
3 -> 5
4 -> 6
5 -> 7
6 -> 7

sample: 6
encoding_hex: ffbbde66f0
order_matrix:
1 1 1 1 1 1 1 1
0 1 0 1 1 1 0 1
0 0 1 1 1 0 1 1
0 0 0 1 1 0 0 1
0 0 0 0 1 0 0 1
0 0 0 0 0 1 0 1
0 0 0 0 0 0 1 1
0 0 0 0 0 0 0 1
hasse_edges:
0 -> 1
0 -> 2
1 -> 3
1 -> 5
2 -> 3
2 -> 6
3 -> 4
4 -> 7
5 -> 7
6 -> 7

sample: 7
encoding_hex: ffff3de7f0
order_matrix:
1 1 1 1 1 1 1 1
0 1 1 1 1 1 1 1
0 0 1 0 0 1 1 1
0 0 0 1 0 1 1 1
0 0 0 0 1 0 0 1
0 0 0 0 0 1 1 1
0 0 0 0 0 0 1 1
0 0 0 0 0 0 0 1
hasse_edges:
0 -> 1
1 -> 2
1 -> 3
1 -> 4
2 -> 5
3 -> 5
4 -> 7
5 -> 6
6 -> 7

sample: 8
encoding_hex: ffa73c66f0
order_matrix:
1 1 1 1 1 1 1 1
0 1 0 1 0 0 1 1
0 0 1 0 0 1 1 1
0 0 0 1 0 0 0 1
0 0 0 0 1 0 0 1
0 0 0 0 0 1 0 1
0 0 0 0 0 0 1 1
0 0 0 0 0 0 0 1
hasse_edges:
0 -> 1
0 -> 2
0 -> 4
1 -> 3
1 -> 6
2 -> 5
2 -> 6
3 -> 7
4 -> 7
5 -> 7
6 -> 7

sample: 9
encoding_hex: fffffc66f0
order_matrix:
1 1 1 1 1 1 1 1
0 1 1 1 1 1 1 1
0 0 1 1 1 1 1 1
0 0 0 1 0 0 0 1
0 0 0 0 1 0 0 1
0 0 0 0 0 1 0 1
0 0 0 0 0 0 1 1
0 0 0 0 0 0 0 1
hasse_edges:
0 -> 1
1 -> 2
2 -> 3
2 -> 4
2 -> 5
2 -> 6
3 -> 7
4 -> 7
5 -> 7
6 -> 7

sample: 10
encoding_hex: ffff5d66f0
order_matrix:
1 1 1 1 1 1 1 1
0 1 1 1 1 1 1 1
0 0 1 0 1 0 1 1
0 0 0 1 0 1 0 1
0 0 0 0 1 0 0 1
0 0 0 0 0 1 0 1
0 0 0 0 0 0 1 1
0 0 0 0 0 0 0 1
hasse_edges:
0 -> 1
1 -> 2
1 -> 3
2 -> 4
2 -> 6
3 -> 5
4 -> 7
5 -> 7
6 -> 7

sample: 11
encoding_hex: fffffceef0
order_matrix:
1 1 1 1 1 1 1 1
0 1 1 1 1 1 1 1
0 0 1 1 1 1 1 1
0 0 0 1 0 0 1 1
0 0 0 0 1 0 1 1
0 0 0 0 0 1 0 1
0 0 0 0 0 0 1 1
0 0 0 0 0 0 0 1
hasse_edges:
0 -> 1
1 -> 2
2 -> 3
2 -> 4
2 -> 5
3 -> 6
4 -> 6
5 -> 7
6 -> 7

sample: 12
encoding_hex: ffa71ceef0
order_matrix:
1 1 1 1 1 1 1 1
0 1 0 1 0 0 1 1
0 0 1 0 0 0 1 1
0 0 0 1 0 0 1 1
0 0 0 0 1 0 1 1
0 0 0 0 0 1 0 1
0 0 0 0 0 0 1 1
0 0 0 0 0 0 0 1
hasse_edges:
0 -> 1
0 -> 2
0 -> 4
0 -> 5
1 -> 3
2 -> 6
3 -> 6
4 -> 6
5 -> 7
6 -> 7

sample: 13
encoding_hex: ffaf3c6ff0
order_matrix:
1 1 1 1 1 1 1 1
0 1 0 1 0 1 1 1
0 0 1 0 0 1 1 1
0 0 0 1 0 0 0 1
0 0 0 0 1 0 1 1
0 0 0 0 0 1 1 1
0 0 0 0 0 0 1 1
0 0 0 0 0 0 0 1
hasse_edges:
0 -> 1
0 -> 2
0 -> 4
1 -> 3
1 -> 5
2 -> 5
3 -> 7
4 -> 6
5 -> 6
6 -> 7

sample: 14
encoding_hex: ff975eeff0
order_matrix:
1 1 1 1 1 1 1 1
0 1 0 0 1 0 1 1
0 0 1 0 1 0 1 1
0 0 0 1 1 0 1 1
0 0 0 0 1 0 1 1
0 0 0 0 0 1 1 1
0 0 0 0 0 0 1 1
0 0 0 0 0 0 0 1
hasse_edges:
0 -> 1
0 -> 2
0 -> 3
0 -> 5
1 -> 4
2 -> 4
3 -> 4
4 -> 6
5 -> 6
6 -> 7

sample: 15
encoding_hex: ffb76e66f0
order_matrix:
1 1 1 1 1 1 1 1
0 1 0 1 1 0 1 1
0 0 1 0 1 1 0 1
0 0 0 1 1 0 0 1
0 0 0 0 1 0 0 1
0 0 0 0 0 1 0 1
0 0 0 0 0 0 1 1
0 0 0 0 0 0 0 1
hasse_edges:
0 -> 1
0 -> 2
1 -> 3
1 -> 6
2 -> 4
2 -> 5
3 -> 4
4 -> 7
5 -> 7
6 -> 7

sample: 16
encoding_hex: fff7dee7f0
order_matrix:
1 1 1 1 1 1 1 1
0 1 1 1 1 0 1 1
0 0 1 1 1 0 1 1
0 0 0 1 1 0 1 1
0 0 0 0 1 0 0 1
0 0 0 0 0 1 1 1
0 0 0 0 0 0 1 1
0 0 0 0 0 0 0 1
hasse_edges:
0 -> 1
0 -> 5
1 -> 2
2 -> 3
3 -> 4
3 -> 6
4 -> 7
5 -> 6
6 -> 7

sample: 17
encoding_hex: fffffdeff0
order_matrix:
1 1 1 1 1 1 1 1
0 1 1 1 1 1 1 1
0 0 1 1 1 1 1 1
0 0 0 1 0 1 1 1
0 0 0 0 1 0 1 1
0 0 0 0 0 1 1 1
0 0 0 0 0 0 1 1
0 0 0 0 0 0 0 1
hasse_edges:
0 -> 1
1 -> 2
2 -> 3
2 -> 4
3 -> 5
4 -> 6
5 -> 6
6 -> 7

sample: 18
encoding_hex: ffbfce66f0
order_matrix:
1 1 1 1 1 1 1 1
0 1 0 1 1 1 1 1
0 0 1 1 1 0 0 1
0 0 0 1 1 0 0 1
0 0 0 0 1 0 0 1
0 0 0 0 0 1 0 1
0 0 0 0 0 0 1 1
0 0 0 0 0 0 0 1
hasse_edges:
0 -> 1
0 -> 2
1 -> 3
1 -> 5
1 -> 6
2 -> 3
3 -> 4
4 -> 7
5 -> 7
6 -> 7

sample: 19
encoding_hex: fffffceff0
order_matrix:
1 1 1 1 1 1 1 1
0 1 1 1 1 1 1 1
0 0 1 1 1 1 1 1
0 0 0 1 0 0 1 1
0 0 0 0 1 0 1 1
0 0 0 0 0 1 1 1
0 0 0 0 0 0 1 1
0 0 0 0 0 0 0 1
hasse_edges:
0 -> 1
1 -> 2
2 -> 3
2 -> 4
2 -> 5
3 -> 6
4 -> 6
5 -> 6
6 -> 7

sample: 20
encoding_hex: ffaf2d76f0
order_matrix:
1 1 1 1 1 1 1 1
0 1 0 1 0 1 1 1
0 0 1 0 0 1 0 1
0 0 0 1 0 1 0 1
0 0 0 0 1 1 0 1
0 0 0 0 0 1 0 1
0 0 0 0 0 0 1 1
0 0 0 0 0 0 0 1
hasse_edges:
0 -> 1
0 -> 2
0 -> 4
1 -> 3
1 -> 6
2 -> 5
3 -> 5
4 -> 5
5 -> 7
6 -> 7

sample: 21
encoding_hex: ffaf2c66f0
order_matrix:
1 1 1 1 1 1 1 1
0 1 0 1 0 1 1 1
0 0 1 0 0 1 0 1
0 0 0 1 0 0 0 1
0 0 0 0 1 0 0 1
0 0 0 0 0 1 0 1
0 0 0 0 0 0 1 1
0 0 0 0 0 0 0 1
hasse_edges:
0 -> 1
0 -> 2
0 -> 4
1 -> 3
1 -> 5
1 -> 6
2 -> 5
3 -> 7
4 -> 7
5 -> 7
6 -> 7

sample: 22
encoding_hex: ffbfffeff0
order_matrix:
1 1 1 1 1 1 1 1
0 1 0 1 1 1 1 1
0 0 1 1 1 1 1 1
0 0 0 1 1 1 1 1
0 0 0 0 1 0 1 1
0 0 0 0 0 1 1 1
0 0 0 0 0 0 1 1
0 0 0 0 0 0 0 1
hasse_edges:
0 -> 1
0 -> 2
1 -> 3
2 -> 3
3 -> 4
3 -> 5
4 -> 6
5 -> 6
6 -> 7

sample: 23
encoding_hex: ff8f3ce7f0
order_matrix:
1 1 1 1 1 1 1 1
0 1 0 0 0 1 1 1
0 0 1 0 0 1 1 1
0 0 0 1 0 0 1 1
0 0 0 0 1 0 0 1
0 0 0 0 0 1 1 1
0 0 0 0 0 0 1 1
0 0 0 0 0 0 0 1
hasse_edges:
0 -> 1
0 -> 2
0 -> 3
0 -> 4
1 -> 5
2 -> 5
3 -> 6
4 -> 7
5 -> 6
6 -> 7

sample: 24
encoding_hex: fff3cc66f0
order_matrix:
1 1 1 1 1 1 1 1
0 1 1 1 1 0 0 1
0 0 1 1 1 0 0 1
0 0 0 1 0 0 0 1
0 0 0 0 1 0 0 1
0 0 0 0 0 1 0 1
0 0 0 0 0 0 1 1
0 0 0 0 0 0 0 1
hasse_edges:
0 -> 1
0 -> 5
0 -> 6
1 -> 2
2 -> 3
2 -> 4
3 -> 7
4 -> 7
5 -> 7
6 -> 7

sample: 25
encoding_hex: ffa71ce6f0
order_matrix:
1 1 1 1 1 1 1 1
0 1 0 1 0 0 1 1
0 0 1 0 0 0 1 1
0 0 0 1 0 0 1 1
0 0 0 0 1 0 0 1
0 0 0 0 0 1 0 1
0 0 0 0 0 0 1 1
0 0 0 0 0 0 0 1
hasse_edges:
0 -> 1
0 -> 2
0 -> 4
0 -> 5
1 -> 3
2 -> 6
3 -> 6
4 -> 7
5 -> 7
6 -> 7
