file: lat9.db
object_type: set
entries: 1078
file_bytes: 9720
sample_limit: 10

sample: 1
encoding_hex: ffd3cd86b378
order_matrix:
1 1 1 1 1 1 1 1 1
0 1 0 1 0 0 1 1 1
0 0 1 0 0 1 1 0 1
0 0 0 1 0 0 0 0 1
0 0 0 0 1 0 1 0 1
0 0 0 0 0 1 0 0 1
0 0 0 0 0 0 1 0 1
0 0 0 0 0 0 0 1 1
0 0 0 0 0 0 0 0 1
hasse_edges:
0 -> 1
0 -> 2
0 -> 4
1 -> 3
1 -> 6
1 -> 7
2 -> 5
2 -> 6
3 -> 8
4 -> 6
5 -> 8
6 -> 8
7 -> 8

sample: 2
encoding_hex: ffffd5ae3378
order_matrix:
1 1 1 1 1 1 1 1 1
0 1 1 1 1 1 1 1 1
0 0 1 0 1 0 1 0 1
0 0 0 1 0 1 0 1 1
0 0 0 0 1 0 0 0 1
0 0 0 0 0 1 0 0 1
0 0 0 0 0 0 1 0 1
0 0 0 0 0 0 0 1 1
0 0 0 0 0 0 0 0 1
hasse_edges:
0 -> 1
1 -> 2
1 -> 3
2 -> 4
2 -> 6
3 -> 5
3 -> 7
4 -> 8
5 -> 8
6 -> 8
7 -> 8

sample: 3
encoding_hex: fffbd38e37f8
order_matrix:
1 1 1 1 1 1 1 1 1
0 1 1 1 1 0 1 1 1
0 0 1 0 1 0 0 1 1
0 0 0 1 0 0 0 1 1
0 0 0 0 1 0 0 0 1
0 0 0 0 0 1 0 1 1
0 0 0 0 0 0 1 1 1
0 0 0 0 0 0 0 1 1
0 0 0 0 0 0 0 0 1
hasse_edges:
0 -> 1
0 -> 5
1 -> 2
1 -> 3
1 -> 6
2 -> 4
2 -> 7
3 -> 7
4 -> 8
5 -> 7
6 -> 7
7 -> 8

sample: 4
encoding_hex: fff9d3867ff8
order_matrix:
1 1 1 1 1 1 1 1 1
0 1 1 1 1 0 0 1 1
0 0 1 0 1 0 0 1 1
0 0 0 1 0 0 0 0 1
0 0 0 0 1 0 0 1 1
0 0 0 0 0 1 1 1 1
0 0 0 0 0 0 1 1 1
0 0 0 0 0 0 0 1 1
0 0 0 0 0 0 0 0 1
hasse_edges:
0 -> 1
0 -> 5
1 -> 2
1 -> 3
2 -> 4
3 -> 8
4 -> 7
5 -> 6
6 -> 7
7 -> 8

sample: 5
encoding_hex: fffffbee73f8
order_matrix:
1 1 1 1 1 1 1 1 1
0 1 1 1 1 1 1 1 1
0 0 1 1 1 1 0 1 1
0 0 0 1 1 1 0 1 1
0 0 0 0 1 0 0 1 1
0 0 0 0 0 1 0 0 1
0 0 0 0 0 0 1 1 1
0 0 0 0 0 0 0 1 1
0 0 0 0 0 0 0 0 1
hasse_edges:
0 -> 1
1 -> 2
1 -> 6
2 -> 3
3 -> 4
3 -> 5
4 -> 7
5 -> 8
6 -> 7
7 -> 8

sample: 6
encoding_hex: ffd6c9a63378
order_matrix:
1 1 1 1 1 1 1 1 1
0 1 0 1 0 1 1 0 1
0 0 1 0 0 1 0 0 1
0 0 0 1 0 1 0 0 1
0 0 0 0 1 0 0 0 1
0 0 0 0 0 1 0 0 1
0 0 0 0 0 0 1 0 1
0 0 0 0 0 0 0 1 1
0 0 0 0 0 0 0 0 1
hasse_edges:
0 -> 1
0 -> 2
0 -> 4
0 -> 7
1 -> 3
1 -> 6
2 -> 5
3 -> 5
4 -> 8
5 -> 8
6 -> 8
7 -> 8

sample: 7
encoding_hex: ffd3cf86f3f8
order_matrix:
1 1 1 1 1 1 1 1 1
0 1 0 1 0 0 1 1 1
0 0 1 0 0 1 1 1 1
0 0 0 1 0 0 0 0 1
0 0 0 0 1 0 1 1 1
0 0 0 0 0 1 0 0 1
0 0 0 0 0 0 1 1 1
0 0 0 0 0 0 0 1 1
0 0 0 0 0 0 0 0 1
hasse_edges:
0 -> 1
0 -> 2
0 -> 4
1 -> 3
1 -> 6
2 -> 5
2 -> 6
3 -> 8
4 -> 6
5 -> 8
6 -> 7
7 -> 8

sample: 8
encoding_hex: ffffdfa67378
order_matrix:
1 1 1 1 1 1 1 1 1
0 1 1 1 1 1 1 1 1
0 0 1 0 1 1 1 1 1
0 0 0 1 0 1 0 0 1
0 0 0 0 1 0 0 1 1
0 0 0 0 0 1 0 0 1
0 0 0 0 0 0 1 0 1
0 0 0 0 0 0 0 1 1
0 0 0 0 0 0 0 0 1
hasse_edges:
0 -> 1
1 -> 2
1 -> 3
2 -> 4
2 -> 5
2 -> 6
3 -> 5
4 -> 7
5 -> 8
6 -> 8
7 -> 8

sample: 9
encoding_hex: ffcfddb7bb78
order_matrix:
1 1 1 1 1 1 1 1 1
0 1 0 0 1 1 1 1 1
0 0 1 0 1 1 1 0 1
0 0 0 1 0 1 1 0 1
0 0 0 0 1 1 1 0 1
0 0 0 0 0 1 1 0 1
0 0 0 0 0 0 1 0 1
0 0 0 0 0 0 0 1 1
0 0 0 0 0 0 0 0 1
hasse_edges:
0 -> 1
0 -> 2
0 -> 3
1 -> 4
1 -> 7
2 -> 4
3 -> 5
4 -> 5
5 -> 6
6 -> 8
7 -> 8

sample: 10
encoding_hex: ffd6cfb67b78
order_matrix:
1 1 1 1 1 1 1 1 1
0 1 0 1 0 1 1 0 1
0 0 1 0 0 1 1 1 1
0 0 0 1 0 1 1 0 1
0 0 0 0 1 0 0 1 1
0 0 0 0 0 1 1 0 1
0 0 0 0 0 0 1 0 1
0 0 0 0 0 0 0 1 1
0 0 0 0 0 0 0 0 1
hasse_edges:
0 -> 1
0 -> 2
0 -> 4
1 -> 3
2 -> 5
2 -> 7
3 -> 5
4 -> 7
5 -> 6
6 -> 8
7 -> 8
