file: reslat10.db
object_type: set
entries: 290565
file_bytes: 11043578
sample_limit: 3

sample: 1
encoding_hex: fffff7fffffffe00000000000000000110000112233333333333443335533663678890
order_matrix:
1 1 1 1 1 1 1 1 1 1
0 1 1 1 1 1 1 1 1 1
0 0 1 0 1 1 1 1 1 1
0 0 0 1 1 1 1 1 1 1
0 0 0 0 1 1 1 1 1 1
0 0 0 0 0 1 1 1 1 1
0 0 0 0 0 0 1 1 1 1
0 0 0 0 0 0 0 1 1 1
0 0 0 0 0 0 0 0 1 1
0 0 0 0 0 0 0 0 0 1
multiplication_table:
0 0 0 0 0 0 0 0 0 0
0 0 0 0 0 0 0 0 1 1
0 0 0 0 0 0 1 1 2 2
0 0 0 3 3 3 3 3 3 3
0 0 0 3 3 3 3 3 4 4
0 0 0 3 3 3 3 3 5 5
0 0 1 3 3 3 3 3 6 6
0 0 1 3 3 3 3 3 6 7
0 1 2 3 4 5 6 6 8 8
0 1 2 3 4 5 6 7 8 9
hasse_edges:
0 -> 1
1 -> 2
1 -> 3
2 -> 4
3 -> 4
4 -> 5
5 -> 6
6 -> 7
7 -> 8
8 -> 9

sample: 2
encoding_hex: fffdf1f1e7ddfe00000000001111011111110111211011131011145505561661176890
order_matrix:
1 1 1 1 1 1 1 1 1 1
0 1 1 1 1 0 1 1 1 1
0 0 1 0 0 0 1 1 1 1
0 0 0 1 0 0 0 1 1 1
0 0 0 0 1 0 0 1 1 1
0 0 0 0 0 1 1 0 1 1
0 0 0 0 0 0 1 0 1 1
0 0 0 0 0 0 0 1 1 1
0 0 0 0 0 0 0 0 1 1
0 0 0 0 0 0 0 0 0 1
multiplication_table:
0 0 0 0 0 0 0 0 0 0
0 1 1 1 1 0 1 1 1 1
0 1 1 1 1 0 1 1 1 2
0 1 1 1 1 0 1 1 1 3
0 1 1 1 1 0 1 1 1 4
0 0 0 0 0 5 5 0 5 5
0 1 1 1 1 5 6 1 6 6
0 1 1 1 1 0 1 1 1 7
0 1 1 1 1 5 6 1 6 8
0 1 2 3 4 5 6 7 8 9
hasse_edges:
0 -> 1
0 -> 5
1 -> 2
1 -> 3
1 -> 4
2 -> 6
2 -> 7
3 -> 7
4 -> 7
5 -> 6
6 -> 8
7 -> 8
8 -> 9

sample: 3
encoding_hex: fffff7ffffddfe00000000000000000010001111233333333333344434544464474890
order_matrix:
1 1 1 1 1 1 1 1 1 1
0 1 1 1 1 1 1 1 1 1
0 0 1 0 1 1 1 1 1 1
0 0 0 1 1 1 1 1 1 1
0 0 0 0 1 1 1 1 1 1
0 0 0 0 0 1 1 0 1 1
0 0 0 0 0 0 1 0 1 1
0 0 0 0 0 0 0 1 1 1
0 0 0 0 0 0 0 0 1 1
0 0 0 0 0 0 0 0 0 1
multiplication_table:
0 0 0 0 0 0 0 0 0 0
0 0 0 0 0 0 0 0 0 1
0 0 0 0 0 1 1 1 1 2
0 0 0 3 3 3 3 3 3 3
0 0 0 3 3 3 3 3 3 4
0 0 1 3 3 4 4 3 4 5
0 0 1 3 3 4 4 4 4 6
0 0 1 3 3 3 4 4 4 7
0 0 1 3 3 4 4 4 4 8
0 1 2 3 4 5 6 7 8 9
hasse_edges:
0 -> 1
1 -> 2
1 -> 3
2 -> 4
3 -> 4
4 -> 5
4 -> 7
5 -> 6
6 -> 8
7 -> 8
8 -> 9
