file: reslat11.db
object_type: set
entries: 2779183
file_bytes: 125085972
sample_limit: 3

sample: 1
encoding_hex: ffffffffffbef7ffc000000000000000000000100000000200001123011222411222512226222722829a
order_matrix:
1 1 1 1 1 1 1 1 1 1 1
0 1 1 1 1 1 1 1 1 1 1
0 0 1 1 1 1 1 1 1 1 1
0 0 0 1 1 1 1 1 1 1 1
0 0 0 0 1 1 1 0 1 1 1
0 0 0 0 0 1 1 0 1 1 1
0 0 0 0 0 0 1 0 1 1 1
0 0 0 0 0 0 0 1 1 1 1
0 0 0 0 0 0 0 0 1 1 1
0 0 0 0 0 0 0 0 0 1 1
0 0 0 0 0 0 0 0 0 0 1
multiplication_table:
0 0 0 0 0 0 0 0 0 0 0
0 0 0 0 0 0 0 0 0 0 1
0 0 0 0 0 0 0 0 0 0 2
0 0 0 0 0 0 0 1 1 2 3
0 0 0 0 0 1 1 2 2 2 4
0 0 0 0 1 1 1 2 2 2 5
0 0 0 0 1 1 1 2 2 2 6
0 0 0 1 2 2 2 2 2 2 7
0 0 0 1 2 2 2 2 2 2 8
0 0 0 2 2 2 2 2 2 2 9
0 1 2 3 4 5 6 7 8 9 10
hasse_edges:
0 -> 1
1 -> 2
2 -> 3
3 -> 4
3 -> 7
4 -> 5
5 -> 6
6 -> 8
7 -> 8
8 -> 9
9 -> 10

sample: 2
encoding_hex: ffffffffffffffffc000000000000111111111111111111211111113111111411111511346444744859a
order_matrix:
1 1 1 1 1 1 1 1 1 1 1
0 1 1 1 1 1 1 1 1 1 1
0 0 1 1 1 1 1 1 1 1 1
0 0 0 1 1 1 1 1 1 1 1
0 0 0 0 1 1 1 1 1 1 1
0 0 0 0 0 1 1 1 1 1 1
0 0 0 0 0 0 1 1 1 1 1
0 0 0 0 0 0 0 1 1 1 1
0 0 0 0 0 0 0 0 1 1 1
0 0 0 0 0 0 0 0 0 1 1
0 0 0 0 0 0 0 0 0 0 1
multiplication_table:
0 0 0 0 0 0 0 0 0 0 0
0 1 1 1 1 1 1 1 1 1 1
0 1 1 1 1 1 1 1 1 1 2
0 1 1 1 1 1 1 1 1 1 3
0 1 1 1 1 1 1 1 1 1 4
0 1 1 1 1 1 1 1 1 1 5
0 1 1 1 1 1 1 1 3 4 6
0 1 1 1 1 1 1 4 4 4 7
0 1 1 1 1 1 3 4 4 4 8
0 1 1 1 1 1 4 4 4 5 9
0 1 2 3 4 5 6 7 8 9 10
hasse_edges:
0 -> 1
1 -> 2
2 -> 3
3 -> 4
4 -> 5
5 -> 6
6 -> 7
7 -> 8
8 -> 9
9 -> 10

sample: 3
encoding_hex: fffffffffffff7ffc000000000000000000000122222222222222233222224422224523366337738899a
order_matrix:
1 1 1 1 1 1 1 1 1 1 1
0 1 1 1 1 1 1 1 1 1 1
0 0 1 1 1 1 1 1 1 1 1
0 0 0 1 1 1 1 1 1 1 1
0 0 0 0 1 1 1 1 1 1 1
0 0 0 0 0 1 1 1 1 1 1
0 0 0 0 0 0 1 0 1 1 1
0 0 0 0 0 0 0 1 1 1 1
0 0 0 0 0 0 0 0 1 1 1
0 0 0 0 0 0 0 0 0 1 1
0 0 0 0 0 0 0 0 0 0 1
multiplication_table:
0 0 0 0 0 0 0 0 0 0 0
0 0 0 0 0 0 0 0 0 0 1
0 0 2 2 2 2 2 2 2 2 2
0 0 2 2 2 2 2 2 2 3 3
0 0 2 2 2 2 2 2 2 4 4
0 0 2 2 2 2 2 2 2 4 5
0 0 2 2 2 2 2 3 3 6 6
0 0 2 2 2 2 3 3 3 7 7
0 0 2 2 2 2 3 3 3 8 8
0 0 2 3 4 4 6 7 8 9 9
0 1 2 3 4 5 6 7 8 9 10
hasse_edges:
0 -> 1
1 -> 2
2 -> 3
3 -> 4
4 -> 5
5 -> 6
5 -> 7
6 -> 8
7 -> 8
8 -> 9
9 -> 10
