file: reslat7.db
object_type: set
entries: 723
file_bytes: 15199
sample_limit: 10

sample: 1
encoding_hex: fffffff00000000111111222222223234456
order_matrix:
1 1 1 1 1 1 1
0 1 1 1 1 1 1
0 0 1 1 1 1 1
0 0 0 1 1 1 1
0 0 0 0 1 1 1
0 0 0 0 0 1 1
0 0 0 0 0 0 1
multiplication_table:
0 0 0 0 0 0 0
0 1 1 1 1 1 1
0 1 2 2 2 2 2
0 1 2 2 2 2 3
0 1 2 2 2 3 4
0 1 2 2 3 4 5
0 1 2 3 4 5 6
hasse_edges:
0 -> 1
1 -> 2
2 -> 3
3 -> 4
4 -> 5
5 -> 6

sample: 2
encoding_hex: ffffeff00000000000001001120113224256
order_matrix:
1 1 1 1 1 1 1
0 1 1 1 1 1 1
0 0 1 1 1 1 1
0 0 0 1 0 1 1
0 0 0 0 1 1 1
0 0 0 0 0 1 1
0 0 0 0 0 0 1
multiplication_table:
0 0 0 0 0 0 0
0 0 0 0 0 0 1
0 0 0 0 1 1 2
0 0 0 0 1 1 3
0 0 1 1 2 2 4
0 0 1 1 2 2 5
0 1 2 3 4 5 6
hasse_edges:
0 -> 1
1 -> 2
2 -> 3
2 -> 4
3 -> 5
4 -> 5
5 -> 6

sample: 3
encoding_hex: fffffff00000000000001000020013114156
order_matrix:
1 1 1 1 1 1 1
0 1 1 1 1 1 1
0 0 1 1 1 1 1
0 0 0 1 1 1 1
0 0 0 0 1 1 1
0 0 0 0 0 1 1
0 0 0 0 0 0 1
multiplication_table:
0 0 0 0 0 0 0
0 0 0 0 0 0 1
0 0 0 0 0 0 2
0 0 0 0 0 1 3
0 0 0 0 1 1 4
0 0 0 1 1 1 5
0 1 2 3 4 5 6
hasse_edges:
0 -> 1
1 -> 2
2 -> 3
3 -> 4
4 -> 5
5 -> 6

sample: 4
encoding_hex: ff7deff00000000000001202223033224556
order_matrix:
1 1 1 1 1 1 1
0 1 0 1 1 1 1
0 0 1 0 1 1 1
0 0 0 1 0 1 1
0 0 0 0 1 1 1
0 0 0 0 0 1 1
0 0 0 0 0 0 1
multiplication_table:
0 0 0 0 0 0 0
0 0 0 0 0 0 1
0 0 2 0 2 2 2
0 0 0 3 0 3 3
0 0 2 0 2 2 4
0 0 2 3 2 5 5
0 1 2 3 4 5 6
hasse_edges:
0 -> 1
0 -> 2
1 -> 3
1 -> 4
2 -> 4
3 -> 5
4 -> 5
5 -> 6

sample: 5
encoding_hex: fffdeef00000000111111212223133424556
order_matrix:
1 1 1 1 1 1 1
0 1 1 1 1 1 1
0 0 1 0 1 1 1
0 0 0 1 0 1 1
0 0 0 0 1 0 1
0 0 0 0 0 1 1
0 0 0 0 0 0 1
multiplication_table:
0 0 0 0 0 0 0
0 1 1 1 1 1 1
0 1 2 1 2 2 2
0 1 1 3 1 3 3
0 1 2 1 4 2 4
0 1 2 3 2 5 5
0 1 2 3 4 5 6
hasse_edges:
0 -> 1
1 -> 2
1 -> 3
2 -> 4
2 -> 5
3 -> 5
4 -> 6
5 -> 6

sample: 6
encoding_hex: fffdeef00000000111111112123133424356
order_matrix:
1 1 1 1 1 1 1
0 1 1 1 1 1 1
0 0 1 0 1 1 1
0 0 0 1 0 1 1
0 0 0 0 1 0 1
0 0 0 0 0 1 1
0 0 0 0 0 0 1
multiplication_table:
0 0 0 0 0 0 0
0 1 1 1 1 1 1
0 1 1 1 2 1 2
0 1 1 3 1 3 3
0 1 2 1 4 2 4
0 1 1 3 2 3 5
0 1 2 3 4 5 6
hasse_edges:
0 -> 1
1 -> 2
1 -> 3
2 -> 4
2 -> 5
3 -> 5
4 -> 6
5 -> 6

sample: 7
encoding_hex: fffffff00000000111111111123333344556
order_matrix:
1 1 1 1 1 1 1
0 1 1 1 1 1 1
0 0 1 1 1 1 1
0 0 0 1 1 1 1
0 0 0 0 1 1 1
0 0 0 0 0 1 1
0 0 0 0 0 0 1
multiplication_table:
0 0 0 0 0 0 0
0 1 1 1 1 1 1
0 1 1 1 1 1 2
0 1 1 3 3 3 3
0 1 1 3 3 4 4
0 1 1 3 4 5 5
0 1 2 3 4 5 6
hasse_edges:
0 -> 1
1 -> 2
2 -> 3
3 -> 4
4 -> 5
5 -> 6

sample: 8
encoding_hex: ffffeff00000000000001001121113224256
order_matrix:
1 1 1 1 1 1 1
0 1 1 1 1 1 1
0 0 1 1 1 1 1
0 0 0 1 0 1 1
0 0 0 0 1 1 1
0 0 0 0 0 1 1
0 0 0 0 0 0 1
multiplication_table:
0 0 0 0 0 0 0
0 0 0 0 0 0 1
0 0 0 0 1 1 2
0 0 0 1 1 1 3
0 0 1 1 2 2 4
0 0 1 1 2 2 5
0 1 2 3 4 5 6
hasse_edges:
0 -> 1
1 -> 2
2 -> 3
2 -> 4
3 -> 5
4 -> 5
5 -> 6

sample: 9
encoding_hex: fffffff00000000001111222223333334556
order_matrix:
1 1 1 1 1 1 1
0 1 1 1 1 1 1
0 0 1 1 1 1 1
0 0 0 1 1 1 1
0 0 0 0 1 1 1
0 0 0 0 0 1 1
0 0 0 0 0 0 1
multiplication_table:
0 0 0 0 0 0 0
0 0 0 1 1 1 1
0 0 2 2 2 2 2
0 1 2 3 3 3 3
0 1 2 3 3 3 4
0 1 2 3 3 5 5
0 1 2 3 4 5 6
hasse_edges:
0 -> 1
1 -> 2
2 -> 3
3 -> 4
4 -> 5
5 -> 6

sample: 10
encoding_hex: fffffff00000000000001000020013114256
order_matrix:
1 1 1 1 1 1 1
0 1 1 1 1 1 1
0 0 1 1 1 1 1
0 0 0 1 1 1 1
0 0 0 0 1 1 1
0 0 0 0 0 1 1
0 0 0 0 0 0 1
multiplication_table:
0 0 0 0 0 0 0
0 0 0 0 0 0 1
0 0 0 0 0 0 2
0 0 0 0 0 1 3
0 0 0 0 1 1 4
0 0 0 1 1 2 5
0 1 2 3 4 5 6
hasse_edges:
0 -> 1
1 -> 2
2 -> 3
3 -> 4
4 -> 5
5 -> 6
