file: reslat8.db
object_type: set
entries: 4712
file_bytes: 122545
sample_limit: 10

sample: 1
encoding_hex: fffffffff0000000000000011000012000131144345667
order_matrix:
1 1 1 1 1 1 1 1
0 1 1 1 1 1 1 1
0 0 1 1 1 1 1 1
0 0 0 1 1 1 1 1
0 0 0 0 1 1 1 1
0 0 0 0 0 1 1 1
0 0 0 0 0 0 1 1
0 0 0 0 0 0 0 1
multiplication_table:
0 0 0 0 0 0 0 0
0 0 0 0 0 0 1 1
0 0 0 0 0 0 1 2
0 0 0 0 0 0 1 3
0 0 0 0 1 1 4 4
0 0 0 0 1 3 4 5
0 1 1 1 4 4 6 6
0 1 2 3 4 5 6 7
hasse_edges:
0 -> 1
1 -> 2
2 -> 3
3 -> 4
4 -> 5
5 -> 6
6 -> 7

sample: 2
encoding_hex: fffffffff0000000000000001000002333333344345667
order_matrix:
1 1 1 1 1 1 1 1
0 1 1 1 1 1 1 1
0 0 1 1 1 1 1 1
0 0 0 1 1 1 1 1
0 0 0 0 1 1 1 1
0 0 0 0 0 1 1 1
0 0 0 0 0 0 1 1
0 0 0 0 0 0 0 1
multiplication_table:
0 0 0 0 0 0 0 0
0 0 0 0 0 0 0 1
0 0 0 0 0 0 0 2
0 0 0 3 3 3 3 3
0 0 0 3 3 3 4 4
0 0 0 3 3 3 4 5
0 0 0 3 4 4 6 6
0 1 2 3 4 5 6 7
hasse_edges:
0 -> 1
1 -> 2
2 -> 3
3 -> 4
4 -> 5
5 -> 6
6 -> 7

sample: 3
encoding_hex: ffbf7ffff0000000001011111202222111334444555667
order_matrix:
1 1 1 1 1 1 1 1
0 1 0 1 1 1 1 1
0 0 1 0 1 1 1 1
0 0 0 1 1 1 1 1
0 0 0 0 1 1 1 1
0 0 0 0 0 1 1 1
0 0 0 0 0 0 1 1
0 0 0 0 0 0 0 1
multiplication_table:
0 0 0 0 0 0 0 0
0 1 0 1 1 1 1 1
0 0 2 0 2 2 2 2
0 1 0 1 1 1 3 3
0 1 2 1 4 4 4 4
0 1 2 1 4 5 5 5
0 1 2 3 4 5 6 6
0 1 2 3 4 5 6 7
hasse_edges:
0 -> 1
0 -> 2
1 -> 3
2 -> 4
3 -> 4
4 -> 5
5 -> 6
6 -> 7

sample: 4
encoding_hex: fffffffff0000000001111111111112111131444555667
order_matrix:
1 1 1 1 1 1 1 1
0 1 1 1 1 1 1 1
0 0 1 1 1 1 1 1
0 0 0 1 1 1 1 1
0 0 0 0 1 1 1 1
0 0 0 0 0 1 1 1
0 0 0 0 0 0 1 1
0 0 0 0 0 0 0 1
multiplication_table:
0 0 0 0 0 0 0 0
0 1 1 1 1 1 1 1
0 1 1 1 1 1 1 2
0 1 1 1 1 1 1 3
0 1 1 1 1 4 4 4
0 1 1 1 4 5 5 5
0 1 1 1 4 5 6 6
0 1 2 3 4 5 6 7
hasse_edges:
0 -> 1
1 -> 2
2 -> 3
3 -> 4
4 -> 5
5 -> 6
6 -> 7

sample: 5
encoding_hex: ffbffffff0000000000000001222222222232244245667
order_matrix:
1 1 1 1 1 1 1 1
0 1 0 1 1 1 1 1
0 0 1 1 1 1 1 1
0 0 0 1 1 1 1 1
0 0 0 0 1 1 1 1
0 0 0 0 0 1 1 1
0 0 0 0 0 0 1 1
0 0 0 0 0 0 0 1
multiplication_table:
0 0 0 0 0 0 0 0
0 0 0 0 0 0 0 1
0 0 2 2 2 2 2 2
0 0 2 2 2 2 2 3
0 0 2 2 2 2 4 4
0 0 2 2 2 2 4 5
0 0 2 2 4 4 6 6
0 1 2 3 4 5 6 7
hasse_edges:
0 -> 1
0 -> 2
1 -> 3
2 -> 3
3 -> 4
4 -> 5
5 -> 6
6 -> 7

sample: 6
encoding_hex: fffffffff0000000000011111222222333334444445567
order_matrix:
1 1 1 1 1 1 1 1
0 1 1 1 1 1 1 1
0 0 1 1 1 1 1 1
0 0 0 1 1 1 1 1
0 0 0 0 1 1 1 1
0 0 0 0 0 1 1 1
0 0 0 0 0 0 1 1
0 0 0 0 0 0 0 1
multiplication_table:
0 0 0 0 0 0 0 0
0 0 0 1 1 1 1 1
0 0 2 2 2 2 2 2
0 1 2 3 3 3 3 3
0 1 2 3 4 4 4 4
0 1 2 3 4 4 4 5
0 1 2 3 4 4 5 6
0 1 2 3 4 5 6 7
hasse_edges:
0 -> 1
1 -> 2
2 -> 3
3 -> 4
4 -> 5
5 -> 6
6 -> 7

sample: 7
encoding_hex: fffffffff0000000000111111222222222232444555667
order_matrix:
1 1 1 1 1 1 1 1
0 1 1 1 1 1 1 1
0 0 1 1 1 1 1 1
0 0 0 1 1 1 1 1
0 0 0 0 1 1 1 1
0 0 0 0 0 1 1 1
0 0 0 0 0 0 1 1
0 0 0 0 0 0 0 1
multiplication_table:
0 0 0 0 0 0 0 0
0 0 1 1 1 1 1 1
0 1 2 2 2 2 2 2
0 1 2 2 2 2 2 3
0 1 2 2 2 4 4 4
0 1 2 2 4 5 5 5
0 1 2 2 4 5 6 6
0 1 2 3 4 5 6 7
hasse_edges:
0 -> 1
1 -> 2
2 -> 3
3 -> 4
4 -> 5
5 -> 6
6 -> 7

sample: 8
encoding_hex: fffffffff0000000001111111111112333333444555567
order_matrix:
1 1 1 1 1 1 1 1
0 1 1 1 1 1 1 1
0 0 1 1 1 1 1 1
0 0 0 1 1 1 1 1
0 0 0 0 1 1 1 1
0 0 0 0 0 1 1 1
0 0 0 0 0 0 1 1
0 0 0 0 0 0 0 1
multiplication_table:
0 0 0 0 0 0 0 0
0 1 1 1 1 1 1 1
0 1 1 1 1 1 1 2
0 1 1 3 3 3 3 3
0 1 1 3 3 4 4 4
0 1 1 3 4 5 5 5
0 1 1 3 4 5 5 6
0 1 2 3 4 5 6 7
hasse_edges:
0 -> 1
1 -> 2
2 -> 3
3 -> 4
4 -> 5
5 -> 6
6 -> 7

sample: 9
encoding_hex: fffffffff0000000001111111111222333333444555567
order_matrix:
1 1 1 1 1 1 1 1
0 1 1 1 1 1 1 1
0 0 1 1 1 1 1 1
0 0 0 1 1 1 1 1
0 0 0 0 1 1 1 1
0 0 0 0 0 1 1 1
0 0 0 0 0 0 1 1
0 0 0 0 0 0 0 1
multiplication_table:
0 0 0 0 0 0 0 0
0 1 1 1 1 1 1 1
0 1 1 1 1 2 2 2
0 1 1 3 3 3 3 3
0 1 1 3 3 4 4 4
0 1 2 3 4 5 5 5
0 1 2 3 4 5 5 6
0 1 2 3 4 5 6 7
hasse_edges:
0 -> 1
1 -> 2
2 -> 3
3 -> 4
4 -> 5
5 -> 6
6 -> 7

sample: 10
encoding_hex: ffbf7ffff0000000000000001000002000030004035367
order_matrix:
1 1 1 1 1 1 1 1
0 1 0 1 1 1 1 1
0 0 1 0 1 1 1 1
0 0 0 1 1 1 1 1
0 0 0 0 1 1 1 1
0 0 0 0 0 1 1 1
0 0 0 0 0 0 1 1
0 0 0 0 0 0 0 1
multiplication_table:
0 0 0 0 0 0 0 0
0 0 0 0 0 0 0 1
0 0 0 0 0 0 0 2
0 0 0 0 0 0 0 3
0 0 0 0 0 0 0 4
0 0 0 0 0 0 3 5
0 0 0 0 0 3 3 6
0 1 2 3 4 5 6 7
hasse_edges:
0 -> 1
0 -> 2
1 -> 3
2 -> 4
3 -> 4
4 -> 5
5 -> 6
6 -> 7
