file: reslat12.db
object_type: set
entries: 30653419
file_bytes: 1594257882
sample_limit: 3

sample: 1
encoding_hex: fffbffdfefeffffffffc000000000000000000000010000000022000000023000000240000055000066000775588699aab
order_matrix:
1 1 1 1 1 1 1 1 1 1 1 1
0 1 0 1 1 1 1 1 1 1 1 1
0 0 1 1 1 0 1 1 1 1 1 1
0 0 0 1 1 0 1 1 1 1 1 1
0 0 0 0 1 0 1 1 1 1 1 1
0 0 0 0 0 1 1 1 1 1 1 1
0 0 0 0 0 0 1 1 1 1 1 1
0 0 0 0 0 0 0 1 1 1 1 1
0 0 0 0 0 0 0 0 1 1 1 1
0 0 0 0 0 0 0 0 0 1 1 1
0 0 0 0 0 0 0 0 0 0 1 1
0 0 0 0 0 0 0 0 0 0 0 1
multiplication_table:
0 0 0 0 0 0 0 0 0 0 0 0
0 0 0 0 0 0 0 0 0 0 0 1
0 0 0 0 0 0 0 0 0 0 2 2
0 0 0 0 0 0 0 0 0 0 2 3
0 0 0 0 0 0 0 0 0 0 2 4
0 0 0 0 0 0 0 0 0 0 5 5
0 0 0 0 0 0 0 0 0 0 6 6
0 0 0 0 0 0 0 0 0 0 7 7
0 0 0 0 0 0 0 0 5 5 8 8
0 0 0 0 0 0 0 0 5 6 9 9
0 0 2 2 2 5 6 7 8 9 10 10
0 1 2 3 4 5 6 7 8 9 10 11
hasse_edges:
0 -> 1
0 -> 2
1 -> 3
1 -> 5
2 -> 3
3 -> 4
4 -> 6
5 -> 6
6 -> 7
7 -> 8
8 -> 9
9 -> 10
10 -> 11

sample: 2
encoding_hex: ffffff7fcffffffffffc0000000000000000000011100000002221001113330000044400005551116661166716789999ab
order_matrix:
1 1 1 1 1 1 1 1 1 1 1 1
0 1 1 1 1 1 1 1 1 1 1 1
0 0 1 0 1 1 1 1 1 1 1 1
0 0 0 1 0 0 1 1 1 1 1 1
0 0 0 0 1 1 1 1 1 1 1 1
0 0 0 0 0 1 1 1 1 1 1 1
0 0 0 0 0 0 1 1 1 1 1 1
0 0 0 0 0 0 0 1 1 1 1 1
0 0 0 0 0 0 0 0 1 1 1 1
0 0 0 0 0 0 0 0 0 1 1 1
0 0 0 0 0 0 0 0 0 0 1 1
0 0 0 0 0 0 0 0 0 0 0 1
multiplication_table:
0 0 0 0 0 0 0 0 0 0 0 0
0 0 0 0 0 0 0 0 0 1 1 1
0 0 0 0 0 0 0 0 0 2 2 2
0 0 0 1 0 0 1 1 1 3 3 3
0 0 0 0 0 0 0 0 0 4 4 4
0 0 0 0 0 0 0 0 0 5 5 5
0 0 0 1 0 0 1 1 1 6 6 6
0 0 0 1 0 0 1 1 1 6 6 7
0 0 0 1 0 0 1 1 1 6 7 8
0 1 2 3 4 5 6 6 6 9 9 9
0 1 2 3 4 5 6 6 7 9 9 10
0 1 2 3 4 5 6 7 8 9 10 11
hasse_edges:
0 -> 1
1 -> 2
1 -> 3
2 -> 4
3 -> 6
4 -> 5
5 -> 6
6 -> 7
7 -> 8
8 -> 9
9 -> 10
10 -> 11

sample: 3
encoding_hex: fffaff7fdffffffffffc0000000000000000000000100000000020000000030000000400000050033561355755585595ab
order_matrix:
1 1 1 1 1 1 1 1 1 1 1 1
0 1 0 1 0 1 1 1 1 1 1 1
0 0 1 0 1 1 1 1 1 1 1 1
0 0 0 1 0 1 1 1 1 1 1 1
0 0 0 0 1 1 1 1 1 1 1 1
0 0 0 0 0 1 1 1 1 1 1 1
0 0 0 0 0 0 1 1 1 1 1 1
0 0 0 0 0 0 0 1 1 1 1 1
0 0 0 0 0 0 0 0 1 1 1 1
0 0 0 0 0 0 0 0 0 1 1 1
0 0 0 0 0 0 0 0 0 0 1 1
0 0 0 0 0 0 0 0 0 0 0 1
multiplication_table:
0 0 0 0 0 0 0 0 0 0 0 0
0 0 0 0 0 0 0 0 0 0 0 1
0 0 0 0 0 0 0 0 0 0 0 2
0 0 0 0 0 0 0 0 0 0 0 3
0 0 0 0 0 0 0 0 0 0 0 4
0 0 0 0 0 0 0 0 0 0 0 5
0 0 0 0 0 0 0 0 3 3 5 6
0 0 0 0 0 0 0 1 3 5 5 7
0 0 0 0 0 0 3 3 5 5 5 8
0 0 0 0 0 0 3 5 5 5 5 9
0 0 0 0 0 0 5 5 5 5 5 10
0 1 2 3 4 5 6 7 8 9 10 11
hasse_edges:
0 -> 1
0 -> 2
1 -> 3
2 -> 4
3 -> 5
4 -> 5
5 -> 6
6 -> 7
7 -> 8
8 -> 9
9 -> 10
10 -> 11
