file: reslat9.db
object_type: set
entries: 34698
file_bytes: 1110564
sample_limit: 3

sample: 1
encoding_hex: ffffffbffff80000000000000000100000020000130001400150165780
order_matrix:
1 1 1 1 1 1 1 1 1
0 1 1 1 1 1 1 1 1
0 0 1 1 1 1 1 1 1
0 0 0 1 0 1 1 1 1
0 0 0 0 1 1 1 1 1
0 0 0 0 0 1 1 1 1
0 0 0 0 0 0 1 1 1
0 0 0 0 0 0 0 1 1
0 0 0 0 0 0 0 0 1
multiplication_table:
0 0 0 0 0 0 0 0 0
0 0 0 0 0 0 0 0 1
0 0 0 0 0 0 0 0 2
0 0 0 0 0 0 0 1 3
0 0 0 0 0 0 0 1 4
0 0 0 0 0 0 0 1 5
0 0 0 0 0 0 0 1 6
0 0 0 1 1 1 1 5 7
0 1 2 3 4 5 6 7 8
hasse_edges:
0 -> 1
1 -> 2
2 -> 3
2 -> 4
3 -> 5
4 -> 5
5 -> 6
6 -> 7
7 -> 8

sample: 2
encoding_hex: ffffffbffff80000000000000000100000020000030002400250263780
order_matrix:
1 1 1 1 1 1 1 1 1
0 1 1 1 1 1 1 1 1
0 0 1 1 1 1 1 1 1
0 0 0 1 0 1 1 1 1
0 0 0 0 1 1 1 1 1
0 0 0 0 0 1 1 1 1
0 0 0 0 0 0 1 1 1
0 0 0 0 0 0 0 1 1
0 0 0 0 0 0 0 0 1
multiplication_table:
0 0 0 0 0 0 0 0 0
0 0 0 0 0 0 0 0 1
0 0 0 0 0 0 0 0 2
0 0 0 0 0 0 0 0 3
0 0 0 0 0 0 0 2 4
0 0 0 0 0 0 0 2 5
0 0 0 0 0 0 0 2 6
0 0 0 0 2 2 2 3 7
0 1 2 3 4 5 6 7 8
hasse_edges:
0 -> 1
1 -> 2
2 -> 3
2 -> 4
3 -> 5
4 -> 5
5 -> 6
6 -> 7
7 -> 8

sample: 3
encoding_hex: fffffffffff80000000000000000100000020011230112411251262780
order_matrix:
1 1 1 1 1 1 1 1 1
0 1 1 1 1 1 1 1 1
0 0 1 1 1 1 1 1 1
0 0 0 1 1 1 1 1 1
0 0 0 0 1 1 1 1 1
0 0 0 0 0 1 1 1 1
0 0 0 0 0 0 1 1 1
0 0 0 0 0 0 0 1 1
0 0 0 0 0 0 0 0 1
multiplication_table:
0 0 0 0 0 0 0 0 0
0 0 0 0 0 0 0 0 1
0 0 0 0 0 0 0 0 2
0 0 0 0 0 1 1 2 3
0 0 0 0 0 1 1 2 4
0 0 0 1 1 1 1 2 5
0 0 0 1 1 1 1 2 6
0 0 0 2 2 2 2 2 7
0 1 2 3 4 5 6 7 8
hasse_edges:
0 -> 1
1 -> 2
2 -> 3
3 -> 4
4 -> 5
5 -> 6
6 -> 7
7 -> 8
